ct,time,alert_count,user_count1,user_avg_speed1,tempeature(K),humidity,wind speed
17031010100,2016-07-13 21:00:00,0,0,0.0,73.0,79,10.4
17031010201,2016-07-13 21:00:00,0,0,0.0,73.0,79,10.4
17031010202,2016-07-13 21:00:00,0,0,0.0,73.0,79,10.4
17031010300,2016-07-13 21:00:00,0,0,0.0,73.0,79,10.4
17031010400,2016-07-13 21:00:00,0,0,0.0,73.0,79,10.4
17031010501,2016-07-13 21:00:00,0,0,0.0,73.0,79,10.4
17031010502,2016-07-13 21:00:00,0,0,0.0,73.0,79,10.4
17031010503,2016-07-13 21:00:00,0,0,0.0,73.0,79,10.4
17031010600,2016-07-13 21:00:00,0,0,0.0,73.0,79,10.4
17031010701,2016-07-13 21:00:00,0,0,0.0,73.0,79,10.4
17031010702,2016-07-13 21:00:00,0,0,0.0,73.0,79,10.4
17031020100,2016-07-13 21:00:00,0,0,0.0,73.0,79,10.4
17031020200,2016-07-13 21:00:00,0,0,0.0,73.0,79,10.4
17031020301,2016-07-13 21:00:00,0,0,0.0,73.0,79,10.4
17031020302,2016-07-13 21:00:00,0,0,0.0,73.0,79,10.4
17031020400,2016-07-13 21:00:00,0,0,0.0,73.0,79,10.4
17031020500,2016-07-13 21:00:00,0,6,2.23549621375,73.0,79,10.4
17031020601,2016-07-13 21:00:00,0,5,0.0,73.0,79,10.4
17031020602,2016-07-13 21:00:00,0,6,2.23549621375,73.0,79,10.4
17031020701,2016-07-13 21:00:00,0,0,0.0,73.0,79,10.4
17031020702,2016-07-13 21:00:00,0,5,0.0,73.0,79,10.4
17031020801,2016-07-13 21:00:00,0,0,0.0,73.0,79,10.4
17031020802,2016-07-13 21:00:00,0,0,0.0,73.0,79,10.4
17031020901,2016-07-13 21:00:00,0,0,0.0,73.0,79,10.4
17031020902,2016-07-13 21:00:00,0,0,0.0,73.0,79,10.4
17031030101,2016-07-13 21:00:00,0,0,0.0,73.0,79,10.4
17031030102,2016-07-13 21:00:00,0,0,0.0,73.0,79,10.4
17031030103,2016-07-13 21:00:00,0,0,0.0,73.0,79,10.4
17031030104,2016-07-13 21:00:00,0,2,6.61094120804,73.0,79,10.4
17031030200,2016-07-13 21:00:00,0,0,0.0,73.0,79,10.4
17031030300,2016-07-13 21:00:00,0,0,0.0,73.0,79,10.4
17031030400,2016-07-13 21:00:00,0,0,0.0,73.0,79,10.4
17031030500,2016-07-13 21:00:00,1,0,0.0,73.0,79,10.4
17031030601,2016-07-13 21:00:00,0,0,0.0,73.0,79,10.4
17031030603,2016-07-13 21:00:00,0,0,0.0,73.0,79,10.4
17031030604,2016-07-13 21:00:00,0,0,0.0,73.0,79,10.4
17031030701,2016-07-13 21:00:00,0,0,0.0,73.0,79,10.4
17031030702,2016-07-13 21:00:00,0,0,0.0,73.0,79,10.4
17031030703,2016-07-13 21:00:00,0,0,0.0,73.0,79,10.4
17031030706,2016-07-13 21:00:00,0,3,8.50339750707,73.0,79,10.4
17031030800,2016-07-13 21:00:00,0,0,0.0,73.0,79,10.4
17031030900,2016-07-13 21:00:00,0,0,0.0,73.0,79,10.4
17031031000,2016-07-13 21:00:00,0,0,0.0,73.0,79,10.4
17031031100,2016-07-13 21:00:00,0,0,0.0,73.0,79,10.4
17031031200,2016-07-13 21:00:00,0,0,0.0,73.0,79,10.4
17031031300,2016-07-13 21:00:00,2,3,8.50339750707,73.0,79,10.4
17031031400,2016-07-13 21:00:00,0,4,17.6122902637,73.0,79,10.4
17031031501,2016-07-13 21:00:00,0,0,0.0,73.0,79,10.4
17031031502,2016-07-13 21:00:00,0,0,0.0,73.0,79,10.4
17031031700,2016-07-13 21:00:00,0,0,0.0,73.0,79,10.4
17031031800,2016-07-13 21:00:00,0,5,9.4953505179,73.0,79,10.4
17031031900,2016-07-13 21:00:00,0,4,5.22189329898,73.0,79,10.4
17031032100,2016-07-13 21:00:00,0,0,0.0,73.0,79,10.4
17031040100,2016-07-13 21:00:00,0,0,0.0,73.0,79,10.4
17031040201,2016-07-13 21:00:00,0,0,0.0,73.0,79,10.4
17031040202,2016-07-13 21:00:00,0,0,0.0,73.0,79,10.4
17031040300,2016-07-13 21:00:00,0,0,0.0,73.0,79,10.4
17031040401,2016-07-13 21:00:00,0,0,0.0,73.0,79,10.4
17031040402,2016-07-13 21:00:00,2,0,0.0,73.0,79,10.4
17031040600,2016-07-13 21:00:00,0,0,0.0,73.0,79,10.4
17031040700,2016-07-13 21:00:00,0,0,0.0,73.0,79,10.4
17031040800,2016-07-13 21:00:00,0,0,0.0,73.0,79,10.4
17031040900,2016-07-13 21:00:00,0,5,0.448067896534,73.0,79,10.4
17031050100,2016-07-13 21:00:00,0,0,0.0,73.0,79,10.4
17031050200,2016-07-13 21:00:00,0,0,0.0,73.0,79,10.4
17031050300,2016-07-13 21:00:00,0,0,0.0,73.0,79,10.4
17031050500,2016-07-13 21:00:00,0,5,14.068867666900001,73.0,79,10.4
17031050600,2016-07-13 21:00:00,0,5,3.3377828513599996,73.0,79,10.4
17031050700,2016-07-13 21:00:00,0,0,0.0,73.0,79,10.4
17031050800,2016-07-13 21:00:00,0,0,0.0,73.0,79,10.4
17031050900,2016-07-13 21:00:00,0,0,0.0,73.0,79,10.4
17031051000,2016-07-13 21:00:00,0,0,0.0,73.0,79,10.4
17031051100,2016-07-13 21:00:00,0,0,0.0,73.0,79,10.4
17031051200,2016-07-13 21:00:00,0,0,0.0,73.0,79,10.4
17031051300,2016-07-13 21:00:00,0,0,0.0,73.0,79,10.4
17031051400,2016-07-13 21:00:00,0,5,5.7915298241699995,73.0,79,10.4
17031060100,2016-07-13 21:00:00,0,0,0.0,73.0,79,10.4
17031060200,2016-07-13 21:00:00,0,0,0.0,73.0,79,10.4
17031060300,2016-07-13 21:00:00,0,0,0.0,73.0,79,10.4
17031060400,2016-07-13 21:00:00,0,0,0.0,73.0,79,10.4
17031060500,2016-07-13 21:00:00,0,0,0.0,73.0,79,10.4
17031060800,2016-07-13 21:00:00,0,4,17.6122902637,73.0,79,10.4
17031060900,2016-07-13 21:00:00,0,4,17.6122902637,73.0,79,10.4
17031061000,2016-07-13 21:00:00,0,0,0.0,73.0,79,10.4
17031061100,2016-07-13 21:00:00,0,4,9.22947852609,73.0,79,10.4
17031061200,2016-07-13 21:00:00,0,0,0.0,73.0,79,10.4
17031061500,2016-07-13 21:00:00,0,0,0.0,73.0,79,10.4
17031061800,2016-07-13 21:00:00,0,0,0.0,73.0,79,10.4
17031061901,2016-07-13 21:00:00,0,0,0.0,73.0,79,10.4
17031061902,2016-07-13 21:00:00,0,6,11.816214788699998,73.0,79,10.4
17031062000,2016-07-13 21:00:00,0,0,0.0,73.0,79,10.4
17031062100,2016-07-13 21:00:00,0,0,0.0,73.0,79,10.4
17031062200,2016-07-13 21:00:00,0,4,1.28480170972,73.0,79,10.4
17031062300,2016-07-13 21:00:00,0,0,0.0,73.0,79,10.4
17031062400,2016-07-13 21:00:00,0,0,0.0,73.0,79,10.4
17031062500,2016-07-13 21:00:00,0,0,0.0,73.0,79,10.4
17031062600,2016-07-13 21:00:00,1,0,0.0,73.0,79,10.4
17031062700,2016-07-13 21:00:00,1,7,1.73319870116,73.0,79,10.4
17031062800,2016-07-13 21:00:00,0,0,0.0,73.0,79,10.4
17031062900,2016-07-13 21:00:00,0,0,0.0,73.0,79,10.4
17031063000,2016-07-13 21:00:00,0,7,3.11641990179,73.0,79,10.4
17031063100,2016-07-13 21:00:00,0,3,0.127809455032,73.0,79,10.4
17031063200,2016-07-13 21:00:00,0,6,11.816214788699998,73.0,79,10.4
17031063301,2016-07-13 21:00:00,0,0,0.0,73.0,79,10.4
17031063302,2016-07-13 21:00:00,0,3,0.251933845436,73.0,79,10.4
17031063303,2016-07-13 21:00:00,0,0,0.0,73.0,79,10.4
17031063400,2016-07-13 21:00:00,0,0,0.0,73.0,79,10.4
17031070101,2016-07-13 21:00:00,0,3,0.251933845436,73.0,79,10.4
17031070102,2016-07-13 21:00:00,0,0,0.0,73.0,79,10.4
17031070103,2016-07-13 21:00:00,0,0,0.0,73.0,79,10.4
17031070200,2016-07-13 21:00:00,0,0,0.0,73.0,79,10.4
17031070300,2016-07-13 21:00:00,0,0,0.0,73.0,79,10.4
17031070400,2016-07-13 21:00:00,0,0,0.0,73.0,79,10.4
17031070500,2016-07-13 21:00:00,0,0,0.0,73.0,79,10.4
17031070600,2016-07-13 21:00:00,0,0,0.0,73.0,79,10.4
17031070700,2016-07-13 21:00:00,0,9,3.7978214988800003,73.0,79,10.4
17031071000,2016-07-13 21:00:00,0,0,0.0,73.0,79,10.4
17031071100,2016-07-13 21:00:00,0,0,0.0,73.0,79,10.4
17031071200,2016-07-13 21:00:00,0,0,0.0,73.0,79,10.4
17031071300,2016-07-13 21:00:00,0,0,0.0,73.0,79,10.4
17031071400,2016-07-13 21:00:00,0,5,5.22292510453,73.0,79,10.4
17031071500,2016-07-13 21:00:00,0,0,0.0,73.0,79,10.4
17031071600,2016-07-13 21:00:00,0,0,0.0,73.0,79,10.4
17031071700,2016-07-13 21:00:00,0,0,0.0,73.0,79,10.4
17031071800,2016-07-13 21:00:00,0,3,0.0,73.0,79,10.4
17031080100,2016-07-13 21:00:00,0,5,16.8100983972,73.0,79,10.4
17031080201,2016-07-13 21:00:00,0,0,0.0,73.0,79,10.4
17031080202,2016-07-13 21:00:00,0,0,0.0,73.0,79,10.4
17031080300,2016-07-13 21:00:00,0,0,0.0,73.0,79,10.4
17031080400,2016-07-13 21:00:00,0,0,0.0,73.0,79,10.4
17031081000,2016-07-13 21:00:00,0,6,1.7679964559799999,73.0,79,10.4
17031081100,2016-07-13 21:00:00,0,0,0.0,73.0,79,10.4
17031081201,2016-07-13 21:00:00,0,0,0.0,73.0,79,10.4
17031081300,2016-07-13 21:00:00,0,0,0.0,73.0,79,10.4
17031081401,2016-07-13 21:00:00,0,0,0.0,73.0,79,10.4
17031081402,2016-07-13 21:00:00,0,0,0.0,73.0,79,10.4
17031081500,2016-07-13 21:00:00,0,16,5.961782061390001,73.0,79,10.4
17031081600,2016-07-13 21:00:00,0,3,0.0,73.0,79,10.4
17031081700,2016-07-13 21:00:00,1,13,3.14846406135,73.0,79,10.4
17031081800,2016-07-13 21:00:00,0,55,4.960877282719999,73.0,79,10.4
17031081900,2016-07-13 21:00:00,0,0,0.0,73.0,79,10.4
17031090100,2016-07-13 21:00:00,0,2,8.85907987317,73.0,79,10.4
17031090200,2016-07-13 21:00:00,0,2,8.85907987317,73.0,79,10.4
17031090300,2016-07-13 21:00:00,0,0,0.0,73.0,79,10.4
17031100100,2016-07-13 21:00:00,0,0,0.0,73.0,79,10.4
17031100200,2016-07-13 21:00:00,0,0,0.0,73.0,79,10.4
17031100300,2016-07-13 21:00:00,0,0,0.0,73.0,79,10.4
17031100400,2016-07-13 21:00:00,0,5,27.111924210999998,73.0,79,10.4
17031100500,2016-07-13 21:00:00,0,19,20.4082928557,73.0,79,10.4
17031100600,2016-07-13 21:00:00,0,1,28.2867359087,73.0,79,10.4
17031100700,2016-07-13 21:00:00,0,0,0.0,73.0,79,10.4
17031110100,2016-07-13 21:00:00,0,0,0.0,73.0,79,10.4
17031110200,2016-07-13 21:00:00,0,4,28.2852545738,73.0,79,10.4
17031110300,2016-07-13 21:00:00,0,0,0.0,73.0,79,10.4
17031110400,2016-07-13 21:00:00,0,12,17.3200684284,73.0,79,10.4
17031110501,2016-07-13 21:00:00,0,0,0.0,73.0,79,10.4
17031110502,2016-07-13 21:00:00,0,13,19.4580939262,73.0,79,10.4
17031120100,2016-07-13 21:00:00,0,0,0.0,73.0,79,10.4
17031120200,2016-07-13 21:00:00,1,16,21.9218325296,73.0,79,10.4
17031120300,2016-07-13 21:00:00,0,0,0.0,73.0,79,10.4
17031120400,2016-07-13 21:00:00,0,8,23.020862340999997,73.0,79,10.4
17031130100,2016-07-13 21:00:00,0,0,0.0,73.0,79,10.4
17031130200,2016-07-13 21:00:00,1,6,4.54481003328,73.0,79,10.4
17031130300,2016-07-13 21:00:00,0,0,0.0,73.0,79,10.4
17031140100,2016-07-13 21:00:00,0,0,0.0,73.0,79,10.4
17031140200,2016-07-13 21:00:00,0,0,0.0,73.0,79,10.4
17031140301,2016-07-13 21:00:00,0,0,0.0,73.0,79,10.4
17031140302,2016-07-13 21:00:00,0,0,0.0,73.0,79,10.4
17031140400,2016-07-13 21:00:00,1,0,0.0,73.0,79,10.4
17031140500,2016-07-13 21:00:00,0,0,0.0,73.0,79,10.4
17031140601,2016-07-13 21:00:00,0,0,0.0,73.0,79,10.4
17031140602,2016-07-13 21:00:00,0,0,0.0,73.0,79,10.4
17031140701,2016-07-13 21:00:00,0,0,0.0,73.0,79,10.4
17031140702,2016-07-13 21:00:00,0,0,0.0,73.0,79,10.4
17031140800,2016-07-13 21:00:00,0,0,0.0,73.0,79,10.4
17031150200,2016-07-13 21:00:00,2,18,23.238644972800003,73.0,79,10.4
17031150300,2016-07-13 21:00:00,0,0,0.0,73.0,79,10.4
17031150401,2016-07-13 21:00:00,0,0,0.0,73.0,79,10.4
17031150402,2016-07-13 21:00:00,0,0,0.0,73.0,79,10.4
17031150501,2016-07-13 21:00:00,0,0,0.0,73.0,79,10.4
17031150502,2016-07-13 21:00:00,0,0,0.0,73.0,79,10.4
17031150600,2016-07-13 21:00:00,0,0,0.0,73.0,79,10.4
17031150700,2016-07-13 21:00:00,0,3,14.3521974859,73.0,79,10.4
17031150800,2016-07-13 21:00:00,0,0,0.0,73.0,79,10.4
17031151001,2016-07-13 21:00:00,0,0,0.0,73.0,79,10.4
17031151002,2016-07-13 21:00:00,0,0,0.0,73.0,79,10.4
17031151100,2016-07-13 21:00:00,0,3,14.3521974859,73.0,79,10.4
17031151200,2016-07-13 21:00:00,0,0,0.0,73.0,79,10.4
17031160100,2016-07-13 21:00:00,2,6,29.2677981772,73.0,79,10.4
17031160200,2016-07-13 21:00:00,1,23,29.1441924605,73.0,79,10.4
17031160300,2016-07-13 21:00:00,0,0,0.0,73.0,79,10.4
17031160400,2016-07-13 21:00:00,0,0,0.0,73.0,79,10.4
17031160501,2016-07-13 21:00:00,0,0,0.0,73.0,79,10.4
17031160502,2016-07-13 21:00:00,0,0,0.0,73.0,79,10.4
17031160601,2016-07-13 21:00:00,0,0,0.0,73.0,79,10.4
17031160602,2016-07-13 21:00:00,0,0,0.0,73.0,79,10.4
17031160700,2016-07-13 21:00:00,0,0,0.0,73.0,79,10.4
17031160800,2016-07-13 21:00:00,0,0,0.0,73.0,79,10.4
17031160900,2016-07-13 21:00:00,0,7,21.9546454646,73.0,79,10.4
17031161000,2016-07-13 21:00:00,0,0,0.0,73.0,79,10.4
17031161100,2016-07-13 21:00:00,0,0,0.0,73.0,79,10.4
17031161200,2016-07-13 21:00:00,0,0,0.0,73.0,79,10.4
17031161300,2016-07-13 21:00:00,0,3,15.666658048599999,73.0,79,10.4
17031170100,2016-07-13 21:00:00,0,0,0.0,73.0,79,10.4
17031170200,2016-07-13 21:00:00,0,0,0.0,73.0,79,10.4
17031170300,2016-07-13 21:00:00,0,0,0.0,73.0,79,10.4
17031170400,2016-07-13 21:00:00,0,0,0.0,73.0,79,10.4
17031170500,2016-07-13 21:00:00,0,0,0.0,73.0,79,10.4
17031170600,2016-07-13 21:00:00,0,0,0.0,73.0,79,10.4
17031170700,2016-07-13 21:00:00,0,0,0.0,73.0,79,10.4
17031170800,2016-07-13 21:00:00,0,0,0.0,73.0,79,10.4
17031170900,2016-07-13 21:00:00,0,0,0.0,73.0,79,10.4
17031171000,2016-07-13 21:00:00,0,0,0.0,73.0,79,10.4
17031171100,2016-07-13 21:00:00,0,0,0.0,73.0,79,10.4
17031180100,2016-07-13 21:00:00,0,0,0.0,73.0,79,10.4
17031190100,2016-07-13 21:00:00,0,0,0.0,73.0,79,10.4
17031190200,2016-07-13 21:00:00,0,0,0.0,73.0,79,10.4
17031190300,2016-07-13 21:00:00,0,0,0.0,73.0,79,10.4
17031190401,2016-07-13 21:00:00,0,0,0.0,73.0,79,10.4
17031190402,2016-07-13 21:00:00,0,0,0.0,73.0,79,10.4
17031190601,2016-07-13 21:00:00,0,0,0.0,73.0,79,10.4
17031190602,2016-07-13 21:00:00,0,0,0.0,73.0,79,10.4
17031190701,2016-07-13 21:00:00,0,0,0.0,73.0,79,10.4
17031190702,2016-07-13 21:00:00,0,0,0.0,73.0,79,10.4
17031190800,2016-07-13 21:00:00,0,0,0.0,73.0,79,10.4
17031190900,2016-07-13 21:00:00,0,0,0.0,73.0,79,10.4
17031191000,2016-07-13 21:00:00,0,0,0.0,73.0,79,10.4
17031191100,2016-07-13 21:00:00,0,0,0.0,73.0,79,10.4
17031191200,2016-07-13 21:00:00,0,0,0.0,73.0,79,10.4
17031191301,2016-07-13 21:00:00,0,0,0.0,73.0,79,10.4
17031191302,2016-07-13 21:00:00,0,0,0.0,73.0,79,10.4
17031200100,2016-07-13 21:00:00,0,0,0.0,73.0,79,10.4
17031200200,2016-07-13 21:00:00,0,0,0.0,73.0,79,10.4
17031200300,2016-07-13 21:00:00,0,0,0.0,73.0,79,10.4
17031200401,2016-07-13 21:00:00,0,0,0.0,73.0,79,10.4
17031200402,2016-07-13 21:00:00,0,0,0.0,73.0,79,10.4
17031210100,2016-07-13 21:00:00,0,6,5.5394336836,73.0,79,10.4
17031210400,2016-07-13 21:00:00,0,0,0.0,73.0,79,10.4
17031210501,2016-07-13 21:00:00,0,3,5.761381968099999,73.0,79,10.4
17031210502,2016-07-13 21:00:00,0,0,0.0,73.0,79,10.4
17031210601,2016-07-13 21:00:00,0,0,0.0,73.0,79,10.4
17031210602,2016-07-13 21:00:00,0,0,0.0,73.0,79,10.4
17031210700,2016-07-13 21:00:00,0,0,0.0,73.0,79,10.4
17031210800,2016-07-13 21:00:00,0,9,9.186170145510001,73.0,79,10.4
17031210900,2016-07-13 21:00:00,0,0,0.0,73.0,79,10.4
17031220300,2016-07-13 21:00:00,0,11,3.4254144482099997,73.0,79,10.4
17031220400,2016-07-13 21:00:00,0,0,0.0,73.0,79,10.4
17031220500,2016-07-13 21:00:00,0,0,0.0,73.0,79,10.4
17031220601,2016-07-13 21:00:00,0,0,0.0,73.0,79,10.4
17031220602,2016-07-13 21:00:00,0,0,0.0,73.0,79,10.4
17031220701,2016-07-13 21:00:00,0,0,0.0,73.0,79,10.4
17031220702,2016-07-13 21:00:00,0,0,0.0,73.0,79,10.4
17031220901,2016-07-13 21:00:00,0,0,0.0,73.0,79,10.4
17031220902,2016-07-13 21:00:00,0,0,0.0,73.0,79,10.4
17031221000,2016-07-13 21:00:00,0,0,0.0,73.0,79,10.4
17031221100,2016-07-13 21:00:00,0,0,0.0,73.0,79,10.4
17031221200,2016-07-13 21:00:00,0,0,0.0,73.0,79,10.4
17031221300,2016-07-13 21:00:00,0,0,0.0,73.0,79,10.4
17031221400,2016-07-13 21:00:00,0,0,0.0,73.0,79,10.4
17031221500,2016-07-13 21:00:00,0,8,24.6747980052,73.0,79,10.4
17031221600,2016-07-13 21:00:00,0,8,24.6747980052,73.0,79,10.4
17031222200,2016-07-13 21:00:00,0,0,0.0,73.0,79,10.4
17031222500,2016-07-13 21:00:00,0,0,0.0,73.0,79,10.4
17031222600,2016-07-13 21:00:00,0,0,0.0,73.0,79,10.4
17031222700,2016-07-13 21:00:00,0,0,0.0,73.0,79,10.4
17031222800,2016-07-13 21:00:00,0,0,0.0,73.0,79,10.4
17031222900,2016-07-13 21:00:00,0,0,0.0,73.0,79,10.4
17031230100,2016-07-13 21:00:00,0,0,0.0,73.0,79,10.4
17031230200,2016-07-13 21:00:00,0,0,0.0,73.0,79,10.4
17031230300,2016-07-13 21:00:00,0,0,0.0,73.0,79,10.4
17031230400,2016-07-13 21:00:00,0,0,0.0,73.0,79,10.4
17031230500,2016-07-13 21:00:00,0,0,0.0,73.0,79,10.4
17031230600,2016-07-13 21:00:00,0,0,0.0,73.0,79,10.4
17031230700,2016-07-13 21:00:00,0,0,0.0,73.0,79,10.4
17031230800,2016-07-13 21:00:00,0,4,0.0,73.0,79,10.4
17031230900,2016-07-13 21:00:00,0,4,0.0,73.0,79,10.4
17031231100,2016-07-13 21:00:00,0,0,0.0,73.0,79,10.4
17031231200,2016-07-13 21:00:00,0,0,0.0,73.0,79,10.4
17031231500,2016-07-13 21:00:00,0,0,0.0,73.0,79,10.4
17031240200,2016-07-13 21:00:00,0,0,0.0,73.0,79,10.4
17031240300,2016-07-13 21:00:00,0,0,0.0,73.0,79,10.4
17031240500,2016-07-13 21:00:00,0,13,4.22119333823,73.0,79,10.4
17031240600,2016-07-13 21:00:00,0,0,0.0,73.0,79,10.4
17031240700,2016-07-13 21:00:00,0,0,0.0,73.0,79,10.4
17031240800,2016-07-13 21:00:00,0,0,0.0,73.0,79,10.4
17031240900,2016-07-13 21:00:00,0,8,7.338772434299999,73.0,79,10.4
17031241000,2016-07-13 21:00:00,0,0,0.0,73.0,79,10.4
17031241100,2016-07-13 21:00:00,0,0,0.0,73.0,79,10.4
17031241200,2016-07-13 21:00:00,0,0,0.0,73.0,79,10.4
17031241300,2016-07-13 21:00:00,0,0,0.0,73.0,79,10.4
17031241400,2016-07-13 21:00:00,0,0,0.0,73.0,79,10.4
17031241500,2016-07-13 21:00:00,0,0,0.0,73.0,79,10.4
17031241600,2016-07-13 21:00:00,0,6,4.7734842768900005,73.0,79,10.4
17031242000,2016-07-13 21:00:00,0,0,0.0,73.0,79,10.4
17031242100,2016-07-13 21:00:00,0,0,0.0,73.0,79,10.4
17031242200,2016-07-13 21:00:00,0,0,0.0,73.0,79,10.4
17031242300,2016-07-13 21:00:00,0,0,0.0,73.0,79,10.4
17031242400,2016-07-13 21:00:00,0,0,0.0,73.0,79,10.4
17031242500,2016-07-13 21:00:00,0,0,0.0,73.0,79,10.4
17031242600,2016-07-13 21:00:00,0,6,2.1328300585299997,73.0,79,10.4
17031242700,2016-07-13 21:00:00,0,0,0.0,73.0,79,10.4
17031242800,2016-07-13 21:00:00,0,0,0.0,73.0,79,10.4
17031242900,2016-07-13 21:00:00,0,5,5.528375533169999,73.0,79,10.4
17031243000,2016-07-13 21:00:00,0,0,0.0,73.0,79,10.4
17031243100,2016-07-13 21:00:00,0,0,0.0,73.0,79,10.4
17031243200,2016-07-13 21:00:00,0,0,0.0,73.0,79,10.4
17031243300,2016-07-13 21:00:00,0,0,0.0,73.0,79,10.4
17031243400,2016-07-13 21:00:00,0,8,24.631330664,73.0,79,10.4
17031243500,2016-07-13 21:00:00,1,15,22.1133300282,73.0,79,10.4
17031250200,2016-07-13 21:00:00,0,0,0.0,73.0,79,10.4
17031250300,2016-07-13 21:00:00,0,0,0.0,73.0,79,10.4
17031250400,2016-07-13 21:00:00,1,5,10.4709837792,73.0,79,10.4
17031250500,2016-07-13 21:00:00,0,3,16.7604903014,73.0,79,10.4
17031250600,2016-07-13 21:00:00,1,0,0.0,73.0,79,10.4
17031250700,2016-07-13 21:00:00,0,0,0.0,73.0,79,10.4
17031250800,2016-07-13 21:00:00,0,0,0.0,73.0,79,10.4
17031251000,2016-07-13 21:00:00,0,0,0.0,73.0,79,10.4
17031251100,2016-07-13 21:00:00,0,0,0.0,73.0,79,10.4
17031251200,2016-07-13 21:00:00,0,0,0.0,73.0,79,10.4
17031251300,2016-07-13 21:00:00,0,0,0.0,73.0,79,10.4
17031251400,2016-07-13 21:00:00,0,0,0.0,73.0,79,10.4
17031251500,2016-07-13 21:00:00,0,0,0.0,73.0,79,10.4
17031251600,2016-07-13 21:00:00,0,0,0.0,73.0,79,10.4
17031251700,2016-07-13 21:00:00,0,0,0.0,73.0,79,10.4
17031251800,2016-07-13 21:00:00,0,0,0.0,73.0,79,10.4
17031251900,2016-07-13 21:00:00,0,0,0.0,73.0,79,10.4
17031252000,2016-07-13 21:00:00,0,0,0.0,73.0,79,10.4
17031252101,2016-07-13 21:00:00,0,4,35.52973901,73.0,79,10.4
17031252102,2016-07-13 21:00:00,0,0,0.0,73.0,79,10.4
17031252201,2016-07-13 21:00:00,0,0,0.0,73.0,79,10.4
17031252202,2016-07-13 21:00:00,1,0,0.0,73.0,79,10.4
17031260100,2016-07-13 21:00:00,0,0,0.0,73.0,79,10.4
17031260200,2016-07-13 21:00:00,0,0,0.0,73.0,79,10.4
17031260300,2016-07-13 21:00:00,0,0,0.0,73.0,79,10.4
17031260400,2016-07-13 21:00:00,0,0,0.0,73.0,79,10.4
17031260500,2016-07-13 21:00:00,1,0,0.0,73.0,79,10.4
17031260600,2016-07-13 21:00:00,0,0,0.0,73.0,79,10.4
17031260700,2016-07-13 21:00:00,0,2,31.497955878400003,73.0,79,10.4
17031260800,2016-07-13 21:00:00,0,4,4.1995409952,73.0,79,10.4
17031260900,2016-07-13 21:00:00,0,0,0.0,73.0,79,10.4
17031261000,2016-07-13 21:00:00,0,0,0.0,73.0,79,10.4
17031270500,2016-07-13 21:00:00,0,0,0.0,73.0,79,10.4
17031271200,2016-07-13 21:00:00,0,0,0.0,73.0,79,10.4
17031271300,2016-07-13 21:00:00,0,5,8.554435430760002,73.0,79,10.4
17031271400,2016-07-13 21:00:00,0,0,0.0,73.0,79,10.4
17031271500,2016-07-13 21:00:00,0,0,0.0,73.0,79,10.4
17031271800,2016-07-13 21:00:00,0,0,0.0,73.0,79,10.4
17031280100,2016-07-13 21:00:00,1,6,16.292832509300002,73.0,79,10.4
17031280400,2016-07-13 21:00:00,0,0,0.0,73.0,79,10.4
17031280800,2016-07-13 21:00:00,0,0,0.0,73.0,79,10.4
17031280900,2016-07-13 21:00:00,0,0,0.0,73.0,79,10.4
17031281900,2016-07-13 21:00:00,0,3,17.1289809103,73.0,79,10.4
17031282700,2016-07-13 21:00:00,0,2,31.25572953,73.0,79,10.4
17031282800,2016-07-13 21:00:00,0,0,0.0,73.0,79,10.4
17031283100,2016-07-13 21:00:00,0,0,0.0,73.0,79,10.4
17031283200,2016-07-13 21:00:00,0,0,0.0,73.0,79,10.4
17031283800,2016-07-13 21:00:00,0,0,0.0,73.0,79,10.4
17031290900,2016-07-13 21:00:00,0,0,0.0,73.0,79,10.4
17031291200,2016-07-13 21:00:00,0,0,0.0,73.0,79,10.4
17031291600,2016-07-13 21:00:00,0,0,0.0,73.0,79,10.4
17031292200,2016-07-13 21:00:00,0,0,0.0,73.0,79,10.4
17031292400,2016-07-13 21:00:00,0,0,0.0,73.0,79,10.4
17031292500,2016-07-13 21:00:00,0,0,0.0,73.0,79,10.4
17031300500,2016-07-13 21:00:00,0,0,0.0,73.0,79,10.4
17031300600,2016-07-13 21:00:00,0,0,0.0,73.0,79,10.4
17031300700,2016-07-13 21:00:00,0,0,0.0,73.0,79,10.4
17031300800,2016-07-13 21:00:00,0,0,0.0,73.0,79,10.4
17031300900,2016-07-13 21:00:00,0,0,0.0,73.0,79,10.4
17031301100,2016-07-13 21:00:00,0,0,0.0,73.0,79,10.4
17031301200,2016-07-13 21:00:00,0,0,0.0,73.0,79,10.4
17031301600,2016-07-13 21:00:00,0,0,0.0,73.0,79,10.4
17031301701,2016-07-13 21:00:00,0,0,0.0,73.0,79,10.4
17031301702,2016-07-13 21:00:00,0,0,0.0,73.0,79,10.4
17031301801,2016-07-13 21:00:00,0,0,0.0,73.0,79,10.4
17031301802,2016-07-13 21:00:00,0,0,0.0,73.0,79,10.4
17031301803,2016-07-13 21:00:00,0,0,0.0,73.0,79,10.4
17031310200,2016-07-13 21:00:00,0,4,21.3803798203,73.0,79,10.4
17031310300,2016-07-13 21:00:00,0,0,0.0,73.0,79,10.4
17031310400,2016-07-13 21:00:00,0,0,0.0,73.0,79,10.4
17031310500,2016-07-13 21:00:00,0,0,0.0,73.0,79,10.4
17031310600,2016-07-13 21:00:00,0,0,0.0,73.0,79,10.4
17031310700,2016-07-13 21:00:00,0,0,0.0,73.0,79,10.4
17031310800,2016-07-13 21:00:00,0,0,0.0,73.0,79,10.4
17031310900,2016-07-13 21:00:00,0,0,0.0,73.0,79,10.4
17031320100,2016-07-13 21:00:00,0,0,0.0,73.0,79,10.4
17031320400,2016-07-13 21:00:00,0,0,0.0,73.0,79,10.4
17031320600,2016-07-13 21:00:00,0,3,3.58191355047,73.0,79,10.4
17031330100,2016-07-13 21:00:00,0,9,11.866065687599999,73.0,79,10.4
17031330200,2016-07-13 21:00:00,0,0,0.0,73.0,79,10.4
17031340300,2016-07-13 21:00:00,0,0,0.0,73.0,79,10.4
17031340400,2016-07-13 21:00:00,0,0,0.0,73.0,79,10.4
17031340500,2016-07-13 21:00:00,1,0,0.0,73.0,79,10.4
17031340600,2016-07-13 21:00:00,1,0,0.0,73.0,79,10.4
17031350100,2016-07-13 21:00:00,0,0,0.0,73.0,79,10.4
17031350400,2016-07-13 21:00:00,0,0,0.0,73.0,79,10.4
17031351000,2016-07-13 21:00:00,0,0,0.0,73.0,79,10.4
17031351100,2016-07-13 21:00:00,0,0,0.0,73.0,79,10.4
17031351400,2016-07-13 21:00:00,0,0,0.0,73.0,79,10.4
17031351500,2016-07-13 21:00:00,0,0,0.0,73.0,79,10.4
17031360200,2016-07-13 21:00:00,0,0,0.0,73.0,79,10.4
17031380100,2016-07-13 21:00:00,0,0,0.0,73.0,79,10.4
17031380200,2016-07-13 21:00:00,0,0,0.0,73.0,79,10.4
17031380500,2016-07-13 21:00:00,0,0,0.0,73.0,79,10.4
17031380700,2016-07-13 21:00:00,0,0,0.0,73.0,79,10.4
17031381200,2016-07-13 21:00:00,0,0,0.0,73.0,79,10.4
17031381400,2016-07-13 21:00:00,0,0,0.0,73.0,79,10.4
17031381500,2016-07-13 21:00:00,0,0,0.0,73.0,79,10.4
17031381700,2016-07-13 21:00:00,0,0,0.0,73.0,79,10.4
17031381800,2016-07-13 21:00:00,0,0,0.0,73.0,79,10.4
17031381900,2016-07-13 21:00:00,0,0,0.0,73.0,79,10.4
17031390100,2016-07-13 21:00:00,0,0,0.0,73.0,79,10.4
17031390200,2016-07-13 21:00:00,0,0,0.0,73.0,79,10.4
17031390300,2016-07-13 21:00:00,0,0,0.0,73.0,79,10.4
17031390400,2016-07-13 21:00:00,0,0,0.0,73.0,79,10.4
17031390500,2016-07-13 21:00:00,0,0,0.0,73.0,79,10.4
17031390600,2016-07-13 21:00:00,0,4,12.939520495899998,73.0,79,10.4
17031390700,2016-07-13 21:00:00,0,0,0.0,73.0,79,10.4
17031400300,2016-07-13 21:00:00,0,0,0.0,73.0,79,10.4
17031400400,2016-07-13 21:00:00,0,0,0.0,73.0,79,10.4
17031400500,2016-07-13 21:00:00,0,0,0.0,73.0,79,10.4
17031400800,2016-07-13 21:00:00,0,0,0.0,73.0,79,10.4
17031410100,2016-07-13 21:00:00,0,0,0.0,73.0,79,10.4
17031410200,2016-07-13 21:00:00,0,0,0.0,73.0,79,10.4
17031410500,2016-07-13 21:00:00,0,0,0.0,73.0,79,10.4
17031410600,2016-07-13 21:00:00,0,0,0.0,73.0,79,10.4
17031410700,2016-07-13 21:00:00,0,0,0.0,73.0,79,10.4
17031410800,2016-07-13 21:00:00,0,0,0.0,73.0,79,10.4
17031410900,2016-07-13 21:00:00,0,0,0.0,73.0,79,10.4
17031411000,2016-07-13 21:00:00,0,0,0.0,73.0,79,10.4
17031411100,2016-07-13 21:00:00,0,0,0.0,73.0,79,10.4
17031411200,2016-07-13 21:00:00,0,0,0.0,73.0,79,10.4
17031420100,2016-07-13 21:00:00,0,0,0.0,73.0,79,10.4
17031420200,2016-07-13 21:00:00,0,0,0.0,73.0,79,10.4
17031420300,2016-07-13 21:00:00,0,0,0.0,73.0,79,10.4
17031420400,2016-07-13 21:00:00,0,0,0.0,73.0,79,10.4
17031420500,2016-07-13 21:00:00,0,0,0.0,73.0,79,10.4
17031420600,2016-07-13 21:00:00,0,0,0.0,73.0,79,10.4
17031420700,2016-07-13 21:00:00,0,0,0.0,73.0,79,10.4
17031420800,2016-07-13 21:00:00,0,0,0.0,73.0,79,10.4
17031421200,2016-07-13 21:00:00,0,0,0.0,73.0,79,10.4
17031430101,2016-07-13 21:00:00,0,0,0.0,73.0,79,10.4
17031430102,2016-07-13 21:00:00,0,0,0.0,73.0,79,10.4
17031430200,2016-07-13 21:00:00,0,0,0.0,73.0,79,10.4
17031430300,2016-07-13 21:00:00,0,4,14.127712286,73.0,79,10.4
17031430400,2016-07-13 21:00:00,0,0,0.0,73.0,79,10.4
17031430500,2016-07-13 21:00:00,0,0,0.0,73.0,79,10.4
17031430600,2016-07-13 21:00:00,0,0,0.0,73.0,79,10.4
17031430700,2016-07-13 21:00:00,0,0,0.0,73.0,79,10.4
17031430800,2016-07-13 21:00:00,0,0,0.0,73.0,79,10.4
17031430900,2016-07-13 21:00:00,0,0,0.0,73.0,79,10.4
17031431200,2016-07-13 21:00:00,0,0,0.0,73.0,79,10.4
17031431301,2016-07-13 21:00:00,0,0,0.0,73.0,79,10.4
17031431302,2016-07-13 21:00:00,0,0,0.0,73.0,79,10.4
17031431400,2016-07-13 21:00:00,0,0,0.0,73.0,79,10.4
17031440101,2016-07-13 21:00:00,0,0,0.0,73.0,79,10.4
17031440102,2016-07-13 21:00:00,0,0,0.0,73.0,79,10.4
17031440201,2016-07-13 21:00:00,0,0,0.0,73.0,79,10.4
17031440202,2016-07-13 21:00:00,0,3,3.53139313745,73.0,79,10.4
17031440300,2016-07-13 21:00:00,0,0,0.0,73.0,79,10.4
17031440600,2016-07-13 21:00:00,0,0,0.0,73.0,79,10.4
17031440700,2016-07-13 21:00:00,0,0,0.0,73.0,79,10.4
17031440800,2016-07-13 21:00:00,0,0,0.0,73.0,79,10.4
17031440900,2016-07-13 21:00:00,0,0,0.0,73.0,79,10.4
17031450300,2016-07-13 21:00:00,1,0,0.0,73.0,79,10.4
17031460100,2016-07-13 21:00:00,0,0,0.0,73.0,79,10.4
17031460200,2016-07-13 21:00:00,0,0,0.0,73.0,79,10.4
17031460301,2016-07-13 21:00:00,0,0,0.0,73.0,79,10.4
17031460302,2016-07-13 21:00:00,0,0,0.0,73.0,79,10.4
17031460400,2016-07-13 21:00:00,0,0,0.0,73.0,79,10.4
17031460500,2016-07-13 21:00:00,1,0,0.0,73.0,79,10.4
17031460600,2016-07-13 21:00:00,0,0,0.0,73.0,79,10.4
17031460700,2016-07-13 21:00:00,0,0,0.0,73.0,79,10.4
17031461000,2016-07-13 21:00:00,0,0,0.0,73.0,79,10.4
17031470100,2016-07-13 21:00:00,0,0,0.0,73.0,79,10.4
17031480100,2016-07-13 21:00:00,0,0,0.0,73.0,79,10.4
17031480200,2016-07-13 21:00:00,0,0,0.0,73.0,79,10.4
17031480300,2016-07-13 21:00:00,0,0,0.0,73.0,79,10.4
17031480400,2016-07-13 21:00:00,0,0,0.0,73.0,79,10.4
17031480500,2016-07-13 21:00:00,0,3,6.93120498375,73.0,79,10.4
17031490300,2016-07-13 21:00:00,0,0,0.0,73.0,79,10.4
17031490400,2016-07-13 21:00:00,0,0,0.0,73.0,79,10.4
17031490500,2016-07-13 21:00:00,0,0,0.0,73.0,79,10.4
17031490600,2016-07-13 21:00:00,0,0,0.0,73.0,79,10.4
17031490700,2016-07-13 21:00:00,0,0,0.0,73.0,79,10.4
17031490800,2016-07-13 21:00:00,0,0,0.0,73.0,79,10.4
17031490901,2016-07-13 21:00:00,0,0,0.0,73.0,79,10.4
17031490902,2016-07-13 21:00:00,0,0,0.0,73.0,79,10.4
17031491000,2016-07-13 21:00:00,0,2,5.19737054363,73.0,79,10.4
17031491100,2016-07-13 21:00:00,0,4,5.410181724269999,73.0,79,10.4
17031491200,2016-07-13 21:00:00,0,0,0.0,73.0,79,10.4
17031491300,2016-07-13 21:00:00,0,0,0.0,73.0,79,10.4
17031491400,2016-07-13 21:00:00,0,0,0.0,73.0,79,10.4
17031500100,2016-07-13 21:00:00,0,0,0.0,73.0,79,10.4
17031500200,2016-07-13 21:00:00,0,0,0.0,73.0,79,10.4
17031500300,2016-07-13 21:00:00,0,0,0.0,73.0,79,10.4
17031510100,2016-07-13 21:00:00,0,0,0.0,73.0,79,10.4
17031510200,2016-07-13 21:00:00,0,0,0.0,73.0,79,10.4
17031510300,2016-07-13 21:00:00,0,0,0.0,73.0,79,10.4
17031520100,2016-07-13 21:00:00,0,0,0.0,73.0,79,10.4
17031520200,2016-07-13 21:00:00,0,0,0.0,73.0,79,10.4
17031520300,2016-07-13 21:00:00,0,0,0.0,73.0,79,10.4
17031520400,2016-07-13 21:00:00,0,0,0.0,73.0,79,10.4
17031520500,2016-07-13 21:00:00,0,0,0.0,73.0,79,10.4
17031520600,2016-07-13 21:00:00,0,1,16.5578537647,73.0,79,10.4
17031530100,2016-07-13 21:00:00,0,0,0.0,73.0,79,10.4
17031530200,2016-07-13 21:00:00,0,0,0.0,73.0,79,10.4
17031530300,2016-07-13 21:00:00,0,0,0.0,73.0,79,10.4
17031530400,2016-07-13 21:00:00,0,0,0.0,73.0,79,10.4
17031530501,2016-07-13 21:00:00,0,0,0.0,73.0,79,10.4
17031530502,2016-07-13 21:00:00,0,0,0.0,73.0,79,10.4
17031530503,2016-07-13 21:00:00,0,0,0.0,73.0,79,10.4
17031530600,2016-07-13 21:00:00,0,0,0.0,73.0,79,10.4
17031540101,2016-07-13 21:00:00,0,0,0.0,73.0,79,10.4
17031540102,2016-07-13 21:00:00,1,0,0.0,73.0,79,10.4
17031550100,2016-07-13 21:00:00,0,1,16.5578537647,73.0,79,10.4
17031550200,2016-07-13 21:00:00,0,0,0.0,73.0,79,10.4
17031560100,2016-07-13 21:00:00,0,6,0.0,73.0,79,10.4
17031560200,2016-07-13 21:00:00,0,0,0.0,73.0,79,10.4
17031560300,2016-07-13 21:00:00,0,0,0.0,73.0,79,10.4
17031560400,2016-07-13 21:00:00,0,0,0.0,73.0,79,10.4
17031560700,2016-07-13 21:00:00,0,0,0.0,73.0,79,10.4
17031560800,2016-07-13 21:00:00,0,0,0.0,73.0,79,10.4
17031560900,2016-07-13 21:00:00,0,0,0.0,73.0,79,10.4
17031561000,2016-07-13 21:00:00,0,0,0.0,73.0,79,10.4
17031561100,2016-07-13 21:00:00,0,0,0.0,73.0,79,10.4
17031570100,2016-07-13 21:00:00,0,0,0.0,73.0,79,10.4
17031570200,2016-07-13 21:00:00,0,0,0.0,73.0,79,10.4
17031570300,2016-07-13 21:00:00,0,0,0.0,73.0,79,10.4
17031570400,2016-07-13 21:00:00,0,0,0.0,73.0,79,10.4
17031570500,2016-07-13 21:00:00,0,0,0.0,73.0,79,10.4
17031580100,2016-07-13 21:00:00,0,0,0.0,73.0,79,10.4
17031580200,2016-07-13 21:00:00,0,0,0.0,73.0,79,10.4
17031580300,2016-07-13 21:00:00,0,0,0.0,73.0,79,10.4
17031580400,2016-07-13 21:00:00,0,0,0.0,73.0,79,10.4
17031580501,2016-07-13 21:00:00,0,0,0.0,73.0,79,10.4
17031580502,2016-07-13 21:00:00,1,0,0.0,73.0,79,10.4
17031580600,2016-07-13 21:00:00,0,0,0.0,73.0,79,10.4
17031580700,2016-07-13 21:00:00,0,0,0.0,73.0,79,10.4
17031580800,2016-07-13 21:00:00,0,0,0.0,73.0,79,10.4
17031590500,2016-07-13 21:00:00,0,9,9.852569729439999,73.0,79,10.4
17031590600,2016-07-13 21:00:00,0,0,0.0,73.0,79,10.4
17031590700,2016-07-13 21:00:00,0,0,0.0,73.0,79,10.4
17031600400,2016-07-13 21:00:00,0,0,0.0,73.0,79,10.4
17031600600,2016-07-13 21:00:00,1,0,0.0,73.0,79,10.4
17031600700,2016-07-13 21:00:00,0,0,0.0,73.0,79,10.4
17031600900,2016-07-13 21:00:00,0,0,0.0,73.0,79,10.4
17031610300,2016-07-13 21:00:00,0,0,0.0,73.0,79,10.4
17031610400,2016-07-13 21:00:00,0,0,0.0,73.0,79,10.4
17031610800,2016-07-13 21:00:00,0,4,15.6366811686,73.0,79,10.4
17031611000,2016-07-13 21:00:00,0,0,0.0,73.0,79,10.4
17031611100,2016-07-13 21:00:00,0,0,0.0,73.0,79,10.4
17031611200,2016-07-13 21:00:00,0,0,0.0,73.0,79,10.4
17031611300,2016-07-13 21:00:00,0,0,0.0,73.0,79,10.4
17031611400,2016-07-13 21:00:00,0,0,0.0,73.0,79,10.4
17031611500,2016-07-13 21:00:00,0,0,0.0,73.0,79,10.4
17031611600,2016-07-13 21:00:00,0,0,0.0,73.0,79,10.4
17031611700,2016-07-13 21:00:00,0,0,0.0,73.0,79,10.4
17031611800,2016-07-13 21:00:00,0,0,0.0,73.0,79,10.4
17031611900,2016-07-13 21:00:00,0,0,0.0,73.0,79,10.4
17031612000,2016-07-13 21:00:00,0,0,0.0,73.0,79,10.4
17031612100,2016-07-13 21:00:00,0,0,0.0,73.0,79,10.4
17031620100,2016-07-13 21:00:00,0,0,0.0,73.0,79,10.4
17031620200,2016-07-13 21:00:00,0,0,0.0,73.0,79,10.4
17031620300,2016-07-13 21:00:00,0,0,0.0,73.0,79,10.4
17031620400,2016-07-13 21:00:00,0,0,0.0,73.0,79,10.4
17031630100,2016-07-13 21:00:00,0,0,0.0,73.0,79,10.4
17031630200,2016-07-13 21:00:00,0,0,0.0,73.0,79,10.4
17031630300,2016-07-13 21:00:00,0,0,0.0,73.0,79,10.4
17031630400,2016-07-13 21:00:00,0,0,0.0,73.0,79,10.4
17031630500,2016-07-13 21:00:00,0,0,0.0,73.0,79,10.4
17031630800,2016-07-13 21:00:00,0,0,0.0,73.0,79,10.4
17031630900,2016-07-13 21:00:00,0,0,0.0,73.0,79,10.4
17031640100,2016-07-13 21:00:00,0,0,0.0,73.0,79,10.4
17031640300,2016-07-13 21:00:00,0,0,0.0,73.0,79,10.4
17031640400,2016-07-13 21:00:00,1,0,0.0,73.0,79,10.4
17031640500,2016-07-13 21:00:00,0,0,0.0,73.0,79,10.4
17031640600,2016-07-13 21:00:00,0,0,0.0,73.0,79,10.4
17031640700,2016-07-13 21:00:00,0,0,0.0,73.0,79,10.4
17031640800,2016-07-13 21:00:00,1,0,0.0,73.0,79,10.4
17031650100,2016-07-13 21:00:00,0,0,0.0,73.0,79,10.4
17031650200,2016-07-13 21:00:00,0,0,0.0,73.0,79,10.4
17031650301,2016-07-13 21:00:00,0,0,0.0,73.0,79,10.4
17031650302,2016-07-13 21:00:00,0,0,0.0,73.0,79,10.4
17031650400,2016-07-13 21:00:00,0,0,0.0,73.0,79,10.4
17031650500,2016-07-13 21:00:00,0,0,0.0,73.0,79,10.4
17031660301,2016-07-13 21:00:00,0,0,0.0,73.0,79,10.4
17031660302,2016-07-13 21:00:00,0,0,0.0,73.0,79,10.4
17031660400,2016-07-13 21:00:00,0,0,0.0,73.0,79,10.4
17031660500,2016-07-13 21:00:00,0,0,0.0,73.0,79,10.4
17031660600,2016-07-13 21:00:00,0,0,0.0,73.0,79,10.4
17031660700,2016-07-13 21:00:00,0,0,0.0,73.0,79,10.4
17031660800,2016-07-13 21:00:00,0,0,0.0,73.0,79,10.4
17031660900,2016-07-13 21:00:00,0,0,0.0,73.0,79,10.4
17031661000,2016-07-13 21:00:00,0,6,0.0,73.0,79,10.4
17031661100,2016-07-13 21:00:00,0,0,0.0,73.0,79,10.4
17031670100,2016-07-13 21:00:00,0,0,0.0,73.0,79,10.4
17031670200,2016-07-13 21:00:00,0,0,0.0,73.0,79,10.4
17031670300,2016-07-13 21:00:00,0,0,0.0,73.0,79,10.4
17031670400,2016-07-13 21:00:00,0,0,0.0,73.0,79,10.4
17031670500,2016-07-13 21:00:00,0,0,0.0,73.0,79,10.4
17031670600,2016-07-13 21:00:00,0,0,0.0,73.0,79,10.4
17031670700,2016-07-13 21:00:00,0,0,0.0,73.0,79,10.4
17031670800,2016-07-13 21:00:00,0,0,0.0,73.0,79,10.4
17031670900,2016-07-13 21:00:00,0,0,0.0,73.0,79,10.4
17031671100,2016-07-13 21:00:00,0,0,0.0,73.0,79,10.4
17031671200,2016-07-13 21:00:00,0,0,0.0,73.0,79,10.4
17031671300,2016-07-13 21:00:00,0,0,0.0,73.0,79,10.4
17031671400,2016-07-13 21:00:00,0,0,0.0,73.0,79,10.4
17031671500,2016-07-13 21:00:00,0,0,0.0,73.0,79,10.4
17031671600,2016-07-13 21:00:00,0,0,0.0,73.0,79,10.4
17031671800,2016-07-13 21:00:00,0,0,0.0,73.0,79,10.4
17031671900,2016-07-13 21:00:00,0,0,0.0,73.0,79,10.4
17031672000,2016-07-13 21:00:00,0,0,0.0,73.0,79,10.4
17031680500,2016-07-13 21:00:00,0,0,0.0,73.0,79,10.4
17031680600,2016-07-13 21:00:00,0,0,0.0,73.0,79,10.4
17031680900,2016-07-13 21:00:00,0,3,4.44914778316,73.0,79,10.4
17031681000,2016-07-13 21:00:00,0,0,0.0,73.0,79,10.4
17031681100,2016-07-13 21:00:00,0,0,0.0,73.0,79,10.4
17031681200,2016-07-13 21:00:00,0,0,0.0,73.0,79,10.4
17031681300,2016-07-13 21:00:00,0,0,0.0,73.0,79,10.4
17031681400,2016-07-13 21:00:00,0,0,0.0,73.0,79,10.4
17031690300,2016-07-13 21:00:00,0,0,0.0,73.0,79,10.4
17031690400,2016-07-13 21:00:00,0,0,0.0,73.0,79,10.4
17031690500,2016-07-13 21:00:00,0,0,0.0,73.0,79,10.4
17031690900,2016-07-13 21:00:00,0,0,0.0,73.0,79,10.4
17031691000,2016-07-13 21:00:00,0,0,0.0,73.0,79,10.4
17031691100,2016-07-13 21:00:00,0,0,0.0,73.0,79,10.4
17031691200,2016-07-13 21:00:00,0,4,22.8974591519,73.0,79,10.4
17031691300,2016-07-13 21:00:00,0,0,0.0,73.0,79,10.4
17031691400,2016-07-13 21:00:00,0,0,0.0,73.0,79,10.4
17031691500,2016-07-13 21:00:00,0,0,0.0,73.0,79,10.4
17031700100,2016-07-13 21:00:00,0,0,0.0,73.0,79,10.4
17031700200,2016-07-13 21:00:00,0,0,0.0,73.0,79,10.4
17031700301,2016-07-13 21:00:00,0,0,0.0,73.0,79,10.4
17031700302,2016-07-13 21:00:00,0,0,0.0,73.0,79,10.4
17031700401,2016-07-13 21:00:00,0,0,0.0,73.0,79,10.4
17031700402,2016-07-13 21:00:00,0,0,0.0,73.0,79,10.4
17031700501,2016-07-13 21:00:00,0,0,0.0,73.0,79,10.4
17031700502,2016-07-13 21:00:00,0,0,0.0,73.0,79,10.4
17031710100,2016-07-13 21:00:00,0,0,0.0,73.0,79,10.4
17031710200,2016-07-13 21:00:00,0,0,0.0,73.0,79,10.4
17031710300,2016-07-13 21:00:00,0,0,0.0,73.0,79,10.4
17031710400,2016-07-13 21:00:00,0,0,0.0,73.0,79,10.4
17031710500,2016-07-13 21:00:00,0,0,0.0,73.0,79,10.4
17031710600,2016-07-13 21:00:00,0,0,0.0,73.0,79,10.4
17031710700,2016-07-13 21:00:00,0,0,0.0,73.0,79,10.4
17031710800,2016-07-13 21:00:00,0,4,0.5252865406449999,73.0,79,10.4
17031710900,2016-07-13 21:00:00,0,0,0.0,73.0,79,10.4
17031711000,2016-07-13 21:00:00,0,0,0.0,73.0,79,10.4
17031711100,2016-07-13 21:00:00,0,0,0.0,73.0,79,10.4
17031711200,2016-07-13 21:00:00,0,0,0.0,73.0,79,10.4
17031711300,2016-07-13 21:00:00,0,0,0.0,73.0,79,10.4
17031711400,2016-07-13 21:00:00,0,0,0.0,73.0,79,10.4
17031711500,2016-07-13 21:00:00,0,0,0.0,73.0,79,10.4
17031720100,2016-07-13 21:00:00,0,0,0.0,73.0,79,10.4
17031720200,2016-07-13 21:00:00,0,0,0.0,73.0,79,10.4
17031720300,2016-07-13 21:00:00,1,7,6.571521343450001,73.0,79,10.4
17031720400,2016-07-13 21:00:00,1,7,6.571521343450001,73.0,79,10.4
17031720500,2016-07-13 21:00:00,1,0,0.0,73.0,79,10.4
17031720600,2016-07-13 21:00:00,0,0,0.0,73.0,79,10.4
17031720700,2016-07-13 21:00:00,0,4,12.7980569242,73.0,79,10.4
17031730100,2016-07-13 21:00:00,0,0,0.0,73.0,79,10.4
17031730201,2016-07-13 21:00:00,0,0,0.0,73.0,79,10.4
17031730202,2016-07-13 21:00:00,0,0,0.0,73.0,79,10.4
17031730300,2016-07-13 21:00:00,0,0,0.0,73.0,79,10.4
17031730400,2016-07-13 21:00:00,0,0,0.0,73.0,79,10.4
17031730500,2016-07-13 21:00:00,0,0,0.0,73.0,79,10.4
17031730600,2016-07-13 21:00:00,0,0,0.0,73.0,79,10.4
17031730700,2016-07-13 21:00:00,0,0,0.0,73.0,79,10.4
17031740100,2016-07-13 21:00:00,0,0,0.0,73.0,79,10.4
17031740200,2016-07-13 21:00:00,0,0,0.0,73.0,79,10.4
17031740300,2016-07-13 21:00:00,0,0,0.0,73.0,79,10.4
17031740400,2016-07-13 21:00:00,0,0,0.0,73.0,79,10.4
17031750100,2016-07-13 21:00:00,1,4,5.410181724269999,73.0,79,10.4
17031750200,2016-07-13 21:00:00,0,0,0.0,73.0,79,10.4
17031750300,2016-07-13 21:00:00,0,0,0.0,73.0,79,10.4
17031750400,2016-07-13 21:00:00,0,0,0.0,73.0,79,10.4
17031750500,2016-07-13 21:00:00,0,0,0.0,73.0,79,10.4
17031750600,2016-07-13 21:00:00,0,0,0.0,73.0,79,10.4
17031760801,2016-07-13 21:00:00,0,12,17.615162739400002,73.0,79,10.4
17031760802,2016-07-13 21:00:00,0,6,16.8831207489,73.0,79,10.4
17031760803,2016-07-13 21:00:00,0,0,0.0,73.0,79,10.4
17031830500,2016-07-13 21:00:00,0,0,0.0,73.0,79,10.4
17031830600,2016-07-13 21:00:00,0,0,0.0,73.0,79,10.4
17031830700,2016-07-13 21:00:00,0,0,0.0,73.0,79,10.4
17031830800,2016-07-13 21:00:00,0,0,0.0,73.0,79,10.4
17031830900,2016-07-13 21:00:00,1,19,8.70905880204,73.0,79,10.4
17031831000,2016-07-13 21:00:00,0,13,4.22119333823,73.0,79,10.4
17031831100,2016-07-13 21:00:00,0,10,6.5605321729699995,73.0,79,10.4
17031831200,2016-07-13 21:00:00,0,3,6.233825465700001,73.0,79,10.4
17031831300,2016-07-13 21:00:00,0,0,0.0,73.0,79,10.4
17031831400,2016-07-13 21:00:00,1,11,28.429185215500002,73.0,79,10.4
17031831500,2016-07-13 21:00:00,0,0,0.0,73.0,79,10.4
17031831600,2016-07-13 21:00:00,0,0,0.0,73.0,79,10.4
17031831700,2016-07-13 21:00:00,1,5,24.7571458946,73.0,79,10.4
17031831800,2016-07-13 21:00:00,0,0,0.0,73.0,79,10.4
17031831900,2016-07-13 21:00:00,0,0,0.0,73.0,79,10.4
17031832000,2016-07-13 21:00:00,0,0,0.0,73.0,79,10.4
17031832100,2016-07-13 21:00:00,0,0,0.0,73.0,79,10.4
17031832200,2016-07-13 21:00:00,1,14,7.8207562977,73.0,79,10.4
17031832300,2016-07-13 21:00:00,2,16,13.5497937449,73.0,79,10.4
17031832400,2016-07-13 21:00:00,0,0,0.0,73.0,79,10.4
17031832500,2016-07-13 21:00:00,1,9,14.086091585999998,73.0,79,10.4
17031832600,2016-07-13 21:00:00,0,9,5.1335197929000005,73.0,79,10.4
17031832900,2016-07-13 21:00:00,0,0,0.0,73.0,79,10.4
17031833000,2016-07-13 21:00:00,0,6,8.29568638207,73.0,79,10.4
17031833100,2016-07-13 21:00:00,0,9,4.18919676204,73.0,79,10.4
17031833300,2016-07-13 21:00:00,0,0,0.0,73.0,79,10.4
17031833900,2016-07-13 21:00:00,0,3,6.93120498375,73.0,79,10.4
17031834000,2016-07-13 21:00:00,0,0,0.0,73.0,79,10.4
17031834200,2016-07-13 21:00:00,0,3,3.3169078275,73.0,79,10.4
17031834300,2016-07-13 21:00:00,0,3,3.3169078275,73.0,79,10.4
17031834400,2016-07-13 21:00:00,0,0,0.0,73.0,79,10.4
17031834500,2016-07-13 21:00:00,0,0,0.0,73.0,79,10.4
17031834600,2016-07-13 21:00:00,0,0,0.0,73.0,79,10.4
17031834700,2016-07-13 21:00:00,0,0,0.0,73.0,79,10.4
17031834800,2016-07-13 21:00:00,0,3,4.44914778316,73.0,79,10.4
17031834900,2016-07-13 21:00:00,0,0,0.0,73.0,79,10.4
17031835000,2016-07-13 21:00:00,0,0,0.0,73.0,79,10.4
17031835100,2016-07-13 21:00:00,0,0,0.0,73.0,79,10.4
17031835200,2016-07-13 21:00:00,0,0,0.0,73.0,79,10.4
17031835500,2016-07-13 21:00:00,1,0,0.0,73.0,79,10.4
17031835600,2016-07-13 21:00:00,0,7,26.3209599019,73.0,79,10.4
17031835700,2016-07-13 21:00:00,0,0,0.0,73.0,79,10.4
17031835800,2016-07-13 21:00:00,0,0,0.0,73.0,79,10.4
17031835900,2016-07-13 21:00:00,0,0,0.0,73.0,79,10.4
17031836000,2016-07-13 21:00:00,0,0,0.0,73.0,79,10.4
17031836100,2016-07-13 21:00:00,0,0,0.0,73.0,79,10.4
17031836200,2016-07-13 21:00:00,0,0,0.0,73.0,79,10.4
17031836300,2016-07-13 21:00:00,0,0,0.0,73.0,79,10.4
17031836400,2016-07-13 21:00:00,1,0,0.0,73.0,79,10.4
17031836500,2016-07-13 21:00:00,1,0,0.0,73.0,79,10.4
17031836600,2016-07-13 21:00:00,0,0,0.0,73.0,79,10.4
17031836700,2016-07-13 21:00:00,0,0,0.0,73.0,79,10.4
17031836800,2016-07-13 21:00:00,0,0,0.0,73.0,79,10.4
17031836900,2016-07-13 21:00:00,0,0,0.0,73.0,79,10.4
17031837000,2016-07-13 21:00:00,0,6,22.270953921999997,73.0,79,10.4
17031837100,2016-07-13 21:00:00,0,0,0.0,73.0,79,10.4
17031837300,2016-07-13 21:00:00,0,0,0.0,73.0,79,10.4
17031837400,2016-07-13 21:00:00,0,0,0.0,73.0,79,10.4
17031837800,2016-07-13 21:00:00,0,0,0.0,73.0,79,10.4
17031838000,2016-07-13 21:00:00,0,7,0.266114681041,73.0,79,10.4
17031838100,2016-07-13 21:00:00,1,15,25.5872692921,73.0,79,10.4
17031838200,2016-07-13 21:00:00,0,0,0.0,73.0,79,10.4
17031838300,2016-07-13 21:00:00,0,0,0.0,73.0,79,10.4
17031838600,2016-07-13 21:00:00,0,0,0.0,73.0,79,10.4
17031838700,2016-07-13 21:00:00,0,0,0.0,73.0,79,10.4
17031838800,2016-07-13 21:00:00,1,0,0.0,73.0,79,10.4
17031839000,2016-07-13 21:00:00,0,0,0.0,73.0,79,10.4
17031839100,2016-07-13 21:00:00,0,8,10.422385010700001,73.0,79,10.4
17031839200,2016-07-13 21:00:00,0,0,0.0,73.0,79,10.4
17031839500,2016-07-13 21:00:00,0,0,0.0,73.0,79,10.4
17031839600,2016-07-13 21:00:00,0,0,0.0,73.0,79,10.4
17031839700,2016-07-13 21:00:00,0,0,0.0,73.0,79,10.4
17031839800,2016-07-13 21:00:00,0,0,0.0,73.0,79,10.4
17031839900,2016-07-13 21:00:00,0,0,0.0,73.0,79,10.4
17031840000,2016-07-13 21:00:00,0,0,0.0,73.0,79,10.4
17031840100,2016-07-13 21:00:00,0,0,0.0,73.0,79,10.4
17031840200,2016-07-13 21:00:00,1,5,19.040661790399998,73.0,79,10.4
17031840300,2016-07-13 21:00:00,0,16,16.8387811296,73.0,79,10.4
17031840400,2016-07-13 21:00:00,0,7,29.3159595881,73.0,79,10.4
17031840700,2016-07-13 21:00:00,0,0,0.0,73.0,79,10.4
17031840800,2016-07-13 21:00:00,0,0,0.0,73.0,79,10.4
17031841000,2016-07-13 21:00:00,0,0,0.0,73.0,79,10.4
17031841100,2016-07-13 21:00:00,1,5,19.040661790399998,73.0,79,10.4
17031841200,2016-07-13 21:00:00,0,0,0.0,73.0,79,10.4
17031841300,2016-07-13 21:00:00,0,7,25.8210529299,73.0,79,10.4
17031841400,2016-07-13 21:00:00,0,0,0.0,73.0,79,10.4
17031841500,2016-07-13 21:00:00,0,0,0.0,73.0,79,10.4
17031841600,2016-07-13 21:00:00,0,0,0.0,73.0,79,10.4
17031841700,2016-07-13 21:00:00,0,0,0.0,73.0,79,10.4
17031841800,2016-07-13 21:00:00,0,0,0.0,73.0,79,10.4
17031841900,2016-07-13 21:00:00,1,11,14.4121086873,73.0,79,10.4
17031842000,2016-07-13 21:00:00,0,0,0.0,73.0,79,10.4
17031842100,2016-07-13 21:00:00,0,0,0.0,73.0,79,10.4
17031842200,2016-07-13 21:00:00,0,18,3.4530921652099997,73.0,79,10.4
17031842300,2016-07-13 21:00:00,3,94,10.1928166671,73.0,79,10.4
17031842400,2016-07-13 21:00:00,0,0,0.0,73.0,79,10.4
17031842500,2016-07-13 21:00:00,0,0,0.0,73.0,79,10.4
17031842600,2016-07-13 21:00:00,0,4,15.6366811686,73.0,79,10.4
17031842800,2016-07-13 21:00:00,0,0,0.0,73.0,79,10.4
17031842900,2016-07-13 21:00:00,0,0,0.0,73.0,79,10.4
17031843000,2016-07-13 21:00:00,0,0,0.0,73.0,79,10.4
17031843100,2016-07-13 21:00:00,0,0,0.0,73.0,79,10.4
17031843200,2016-07-13 21:00:00,1,26,21.2985969064,73.0,79,10.4
17031843300,2016-07-13 21:00:00,0,0,0.0,73.0,79,10.4
17031843400,2016-07-13 21:00:00,0,0,0.0,73.0,79,10.4
17031843500,2016-07-13 21:00:00,0,0,0.0,73.0,79,10.4
17031843600,2016-07-13 21:00:00,0,0,0.0,73.0,79,10.4
17031843700,2016-07-13 21:00:00,0,6,5.5394336836,73.0,79,10.4
17031843800,2016-07-13 21:00:00,0,4,15.6366811686,73.0,79,10.4
17031843900,2016-07-13 21:00:00,0,0,0.0,73.0,79,10.4
17031980000,2016-07-13 21:00:00,6,11,1.65428357405,73.0,79,10.4
17031980100,2016-07-13 21:00:00,0,0,0.0,73.0,79,10.4
17043840000,2016-07-13 21:00:00,0,0,0.0,73.0,79,10.4
